#This file was generated by RegrexTextFilter with ser7ToTime.xml. 
#
#
#
#
#
#
#
#
#
#
#
#
#
#
#
#
#
#
#
#
#
#
#
#
#
#
#
#
#
#
#
#
#
#
#
#
#
#
#
#
#
#
#
#
#
#
#
#
#
#
#
#
#
#
#
#
#
#
#
#
#
#
#
#
#
#
#
#
#
#
#
#
#
#
#
#
#
#
#
#
#
#
#
#
#
#
#
#
#
#
#
#
#
#
#
#
#
#
#
#
#
#
#
#
#
#
#
#
#
#
#
20150102, 57024, 34, -0.460
20150103, 57025, 34, -0.461
20150104, 57026, 34, -0.462
20150105, 57027, 34, -0.463
20150106, 57028, 34, -0.463
20150107, 57029, 34, -0.464
20150108, 57030, 34, -0.465
20150109, 57031, 34, -0.465
20150110, 57032, 34, -0.466
20150111, 57033, 34, -0.467
20150112, 57034, 34, -0.468
20150113, 57035, 34, -0.469
20150114, 57036, 34, -0.470
20150115, 57037, 34, -0.471
20150116, 57038, 34, -0.472
20150117, 57039, 34, -0.473
20150118, 57040, 34, -0.474
20150119, 57041, 34, -0.475
20150120, 57042, 34, -0.476
20150121, 57043, 34, -0.477
20150122, 57044, 34, -0.478
20150123, 57045, 34, -0.480
20150124, 57046, 34, -0.482
20150125, 57047, 34, -0.483
20150126, 57048, 34, -0.485
20150127, 57049, 34, -0.486
20150128, 57050, 34, -0.487
20150129, 57051, 34, -0.488
20150130, 57052, 34, -0.489
20150131, 57053, 34, -0.490
20150201, 57054, 34, -0.491
20150202, 57055, 34, -0.492
20150203, 57056, 34, -0.493
20150204, 57057, 34, -0.494
20150205, 57058, 34, -0.494
20150206, 57059, 34, -0.496
20150207, 57060, 34, -0.497
20150208, 57061, 34, -0.498
20150209, 57062, 34, -0.499
20150210, 57063, 34, -0.500
20150211, 57064, 34, -0.501
20150212, 57065, 34, -0.502
20150213, 57066, 34, -0.503
20150214, 57067, 34, -0.504
20150215, 57068, 34, -0.505
20150216, 57069, 34, -0.506
20150217, 57070, 34, -0.507
20150218, 57071, 34, -0.509
20150219, 57072, 34, -0.510
20150220, 57073, 34, -0.512
20150221, 57074, 34, -0.514
20150222, 57075, 34, -0.515
20150223, 57076, 34, -0.517
20150224, 57077, 34, -0.518
20150225, 57078, 34, -0.520
20150226, 57079, 34, -0.521
20150227, 57080, 34, -0.522
20150228, 57081, 34, -0.523
20150301, 57082, 34, -0.524
20150302, 57083, 34, -0.525
20150303, 57084, 34, -0.526
20150304, 57085, 34, -0.527
20150305, 57086, 34, -0.528
20150306, 57087, 34, -0.529
20150307, 57088, 34, -0.531
20150308, 57089, 34, -0.532
20150309, 57090, 34, -0.533
20150310, 57091, 34, -0.535
20150311, 57092, 34, -0.536
20150312, 57093, 34, -0.537
20150313, 57094, 34, -0.538
20150314, 57095, 34, -0.540
20150315, 57096, 34, -0.541
20150316, 57097, 34, -0.542
20150317, 57098, 34, -0.544
20150318, 57099, 34, -0.545
20150319, 57100, 34, -0.547
20150320, 57101, 34, -0.549
20150321, 57102, 34, -0.551
20150322, 57103, 34, -0.553
20150323, 57104, 34, -0.555
20150324, 57105, 34, -0.557
20150325, 57106, 34, -0.558
20150326, 57107, 34, -0.560
20150327, 57108, 34, -0.561
20150328, 57109, 34, -0.562
20150329, 57110, 34, -0.563
20150330, 57111, 34, -0.564
20150331, 57112, 34, -0.566
20150401, 57113, 34, -0.567
20150402, 57114, 34, -0.569
20150403, 57115, 34, -0.570
20150404, 57116, 34, -0.572
20150405, 57117, 34, -0.573
20150406, 57118, 34, -0.575
20150407, 57119, 34, -0.576
20150408, 57120, 34, -0.578
20150409, 57121, 34, -0.579
20150410, 57122, 34, -0.580
20150411, 57123, 34, -0.582
20150412, 57124, 34, -0.583
20150413, 57125, 34, -0.585
20150414, 57126, 34, -0.586
20150415, 57127, 34, -0.588
20150416, 57128, 34, -0.590
20150417, 57129, 34, -0.592
20150418, 57130, 34, -0.594
20150419, 57131, 34, -0.596
20150420, 57132, 34, -0.598
20150421, 57133, 34, -0.599
20150422, 57134, 34, -0.601
20150423, 57135, 34, -0.602
20150424, 57136, 34, -0.603
20150425, 57137, 34, -0.604
20150426, 57138, 34, -0.606
20150427, 57139, 34, -0.607
20150428, 57140, 34, -0.608
20150429, 57141, 34, -0.610
20150430, 57142, 34, -0.611
20150501, 57143, 34, -0.612
20150502, 57144, 34, -0.614
20150503, 57145, 34, -0.615
20150504, 57146, 34, -0.616
20150505, 57147, 34, -0.617
20150506, 57148, 34, -0.618
20150507, 57149, 34, -0.619
20150508, 57150, 34, -0.620
20150509, 57151, 34, -0.622
20150510, 57152, 34, -0.623
20150511, 57153, 34, -0.624
20150512, 57154, 34, -0.625
20150513, 57155, 34, -0.627
20150514, 57156, 34, -0.628
20150515, 57157, 34, -0.630
20150516, 57158, 34, -0.631
20150517, 57159, 34, -0.633
20150518, 57160, 34, -0.634
20150519, 57161, 34, -0.635
20150520, 57162, 34, -0.636
20150521, 57163, 34, -0.637
20150522, 57164, 34, -0.637
20150523, 57165, 34, -0.638
20150524, 57166, 34, -0.639
20150525, 57167, 34, -0.640
20150526, 57168, 34, -0.641
20150527, 57169, 34, -0.641
20150528, 57170, 34, -0.642
20150529, 57171, 34, -0.643
20150530, 57172, 34, -0.644
20150531, 57173, 34, -0.645
20150601, 57174, 34, -0.645
20150602, 57175, 34, -0.646
20150603, 57176, 34, -0.647
20150604, 57177, 34, -0.647
20150605, 57178, 34, -0.648
20150606, 57179, 34, -0.648
20150607, 57180, 34, -0.649
20150608, 57181, 34, -0.650
20150609, 57182, 34, -0.651
20150610, 57183, 34, -0.652
20150611, 57184, 34, -0.653
20150612, 57185, 34, -0.654
20150613, 57186, 34, -0.654
20150614, 57187, 34, -0.655
20150615, 57188, 34, -0.656
20150616, 57189, 34, -0.656
20150617, 57190, 34, -0.656
20150618, 57191, 34, -0.657
20150619, 57192, 34, -0.657
20150620, 57193, 34, -0.657
20150621, 57194, 34, -0.657
20150622, 57195, 34, -0.658
20150623, 57196, 34, -0.658
20150624, 57197, 34, -0.658
20150625, 57198, 34, -0.659
20150626, 57199, 34, -0.659
20150627, 57200, 34, -0.659
20150628, 57201, 34, -0.660
20150629, 57202, 34, -0.660
20150630, 57203, 34, -0.660
20150701, 57204, 34, -0.660
20150702, 57205, 34, -0.660
20150703, 57206, 34, -0.660
20150704, 57207, 34, -0.660
20150705, 57208, 34, -0.661
20150706, 57209, 34, -0.661
20150707, 57210, 34, -0.662
20150708, 57211, 34, -0.662
20150709, 57212, 34, -0.663
20150710, 57213, 34, -0.663
20150711, 57214, 34, -0.664
20150712, 57215, 34, -0.664
20150713, 57216, 34, -0.664
20150714, 57217, 34, -0.664
20150715, 57218, 34, -0.664
20150716, 57219, 34, -0.664
20150717, 57220, 34, -0.664
20150718, 57221, 34, -0.665
20150719, 57222, 34, -0.665
20150720, 57223, 34, -0.665
20150721, 57224, 34, -0.666
20150722, 57225, 34, -0.666
20150723, 57226, 34, -0.666
20150724, 57227, 34, -0.667
20150725, 57228, 34, -0.667
20150726, 57229, 34, -0.668
20150727, 57230, 34, -0.668
20150728, 57231, 34, -0.668
20150729, 57232, 34, -0.668
20150730, 57233, 34, -0.669
20150731, 57234, 34, -0.669
20150801, 57235, 34, -0.670
20150802, 57236, 34, -0.671
20150803, 57237, 34, -0.672
20150804, 57238, 34, -0.673
20150805, 57239, 34, -0.674
20150806, 57240, 34, -0.675
20150807, 57241, 34, -0.675
20150808, 57242, 34, -0.676
20150809, 57243, 34, -0.676
20150810, 57244, 34, -0.677
20150811, 57245, 34, -0.677
20150812, 57246, 34, -0.677
20150813, 57247, 34, -0.677
20150814, 57248, 34, -0.677
20150815, 57249, 34, -0.677
20150816, 57250, 34, -0.677
20150817, 57251, 34, -0.678
20150818, 57252, 34, -0.678
20150819, 57253, 34, -0.678
20150820, 57254, 34, -0.679
20150821, 57255, 34, -0.679
20150822, 57256, 34, -0.680
20150823, 57257, 34, -0.680
20150824, 57258, 34, -0.680
20150825, 57259, 34, -0.681
20150826, 57260, 34, -0.681
20150827, 57261, 34, -0.681
20150828, 57262, 34, -0.682
20150829, 57263, 34, -0.683
20150830, 57264, 34, -0.684
20150831, 57265, 34, -0.686
20150901, 57266, 34, -0.687
20150902, 57267, 34, -0.689
20150903, 57268, 34, -0.690
20150904, 57269, 34, -0.691
20150905, 57270, 34, -0.691
20150906, 57271, 34, -0.692
20150907, 57272, 34, -0.692
20150908, 57273, 34, -0.693
20150909, 57274, 34, -0.694
20150910, 57275, 34, -0.694
20150911, 57276, 34, -0.695
20150912, 57277, 34, -0.696
20150913, 57278, 34, -0.697
20150914, 57279, 34, -0.698
20150915, 57280, 34, -0.699
20150916, 57281, 34, -0.700
20150917, 57282, 34, -0.701
20150918, 57283, 34, -0.702
20150919, 57284, 34, -0.703
20150920, 57285, 34, -0.704
20150921, 57286, 34, -0.705
20150922, 57287, 34, -0.706
20150923, 57288, 34, -0.707
20150924, 57289, 34, -0.708
20150925, 57290, 34, -0.710
20150926, 57291, 34, -0.711
20150927, 57292, 34, -0.713
20150928, 57293, 34, -0.715
20150929, 57294, 34, -0.716
20150930, 57295, 34, -0.718
20151001, 57296, 34, -0.719
20151002, 57297, 34, -0.720
20151003, 57298, 34, -0.721
20151004, 57299, 34, -0.722
20151005, 57300, 34, -0.723
20151006, 57301, 34, -0.724
20151007, 57302, 34, -0.724
20151008, 57303, 34, -0.725
20151009, 57304, 34, -0.726
20151010, 57305, 34, -0.727
20151011, 57306, 34, -0.729
20151012, 57307, 34, -0.730
20151013, 57308, 34, -0.731
20151014, 57309, 34, -0.732
20151015, 57310, 34, -0.733
20151016, 57311, 34, -0.734
20151017, 57312, 34, -0.735
20151018, 57313, 34, -0.736
20151019, 57314, 34, -0.737
20151020, 57315, 34, -0.738
20151021, 57316, 34, -0.739
20151022, 57317, 34, -0.740
20151023, 57318, 34, -0.741
20151024, 57319, 34, -0.743
20151025, 57320, 34, -0.745
20151026, 57321, 34, -0.746
20151027, 57322, 34, -0.748
20151028, 57323, 34, -0.750
20151029, 57324, 34, -0.751
20151030, 57325, 34, -0.752
20151031, 57326, 34, -0.753
20151101, 57327, 34, -0.754
20151102, 57328, 34, -0.755
20151103, 57329, 34, -0.756
20151104, 57330, 34, -0.757
20151105, 57331, 34, -0.758
20151106, 57332, 34, -0.759
20151107, 57333, 34, -0.760
20151108, 57334, 34, -0.761
20151109, 57335, 34, -0.762
20151110, 57336, 34, -0.764
20151111, 57337, 34, -0.765
20151112, 57338, 34, -0.766
20151113, 57339, 34, -0.767
20151114, 57340, 34, -0.768
20151115, 57341, 34, -0.769
20151116, 57342, 34, -0.771
20151117, 57343, 34, -0.772
20151118, 57344, 34, -0.773
20151119, 57345, 34, -0.775
20151120, 57346, 34, -0.776
20151121, 57347, 34, -0.778
20151122, 57348, 34, -0.780
20151123, 57349, 34, -0.782
20151124, 57350, 34, -0.783
20151125, 57351, 34, -0.785
20151126, 57352, 34, -0.786
20151127, 57353, 34, -0.787
20151128, 57354, 34, -0.789
20151129, 57355, 34, -0.790
20151130, 57356, 34, -0.791
20151201, 57357, 34, -0.792
20151202, 57358, 34, -0.793
20151203, 57359, 34, -0.794
20151204, 57360, 34, -0.795
20151205, 57361, 34, -0.796
20151206, 57362, 34, -0.797
20151207, 57363, 34, -0.798
20151208, 57364, 34, -0.799
20151209, 57365, 34, -0.800
20151210, 57366, 34, -0.801
20151211, 57367, 34, -0.802
20151212, 57368, 34, -0.802
20151213, 57369, 34, -0.803
20151214, 57370, 34, -0.803
20151215, 57371, 34, -0.804
20151216, 57372, 34, -0.805
20151217, 57373, 34, -0.806
20151218, 57374, 34, -0.807
20151219, 57375, 34, -0.809
20151220, 57376, 34, -0.810
20151221, 57377, 34, -0.812
20151222, 57378, 34, -0.813
20151223, 57379, 34, -0.814
20151224, 57380, 34, -0.815
20151225, 57381, 34, -0.816
20151226, 57382, 34, -0.817
20151227, 57383, 34, -0.818
20151228, 57384, 34, -0.819
20151229, 57385, 34, -0.820
20151230, 57386, 34, -0.821
20151231, 57387, 34, -0.823
20160101, 57388, 34, -0.824
#
#
#
#
#
#
#
#
#
#
#
#
#
#
#
#
#
#
#
#
#
#
#
#
#
#
#
#
#
#
#
#
#
#
#
#
#
#
#
#
#
#
#
#
#
#
#
#
#
#
#
#
#
#
#
#
#
#
#
#
#
#
#
#
#
#
#
#
#
#
#
#
#
#
#
#
#
#
#
#
#
#
#
#
#
#
#
#
#
#
#
#
#
#
#
