5.138701e-01	1.757413e-01	83.159472	-52.005325
3.086515e-01	5.345339e-01	-239.886241	334.541939
9.476279e-01	1.717363e-01	24.811282	-194.362304
7.022312e-01	2.264307e-01	19.875567	-527.555381
4.947734e-01	1.247203e-01	134.622572	21.465686
8.389880e-02	3.896471e-01	-274.306470	221.307740
2.772258e-01	3.680707e-01	-173.388331	446.398274
9.834372e-01	5.353979e-01	-28.558638	-37.205035
7.656819e-01	6.464732e-01	-70.892387	-297.826970
7.671388e-01	7.802369e-01	22.028635	-224.420178
8.229514e-01	1.519323e-01	57.798686	-557.805059
6.254767e-01	3.146848e-01	-61.354804	-345.554477
3.469011e-01	9.172045e-01	202.281127	109.274082
5.197599e-01	4.011542e-01	-149.051844	-53.629414
6.067584e-01	7.854022e-01	35.329341	-138.434251
9.315229e-01	8.699211e-01	41.285145	-70.553920
8.665247e-01	6.745203e-01	-39.162153	-211.473115
7.583996e-01	5.818935e-01	-103.716847	-332.967858
3.892477e-01	3.556347e-01	-135.578076	295.357447
2.002321e-01	8.269268e-01	133.532078	187.955080
4.159033e-01	4.635219e-01	-206.660407	200.315430
9.791630e-01	1.264365e-01	23.036718	-85.069008
2.126367e-01	9.584514e-01	272.351884	90.784453
7.374629e-01	4.090565e-01	-105.166963	-427.087845
7.801131e-01	7.578993e-01	5.601210	-234.315478
9.568418e-01	2.809603e-02	46.848134	-229.398981
3.187275e-01	7.569342e-01	10.551970	217.169998
2.429950e-01	5.895422e-01	-227.943309	329.067767
4.342443e-02	9.560250e-01	386.043940	25.894095
3.191331e-01	5.935982e-02	225.485278	690.772143
4.418761e-01	9.150198e-01	176.252070	48.226755
5.722473e-01	1.188380e-01	124.235117	-289.996501
5.697710e-01	2.520481e-01	-2.186648	-225.798490
4.958579e-01	2.367340e-01	15.798290	14.153993
4.769609e-01	4.060932e-01	-161.979906	62.051551
8.729976e-01	4.269633e-01	-74.859349	-299.282441
3.582181e-01	3.819878e-01	-169.290928	345.659400
4.317986e-02	1.605872e-01	213.948823	164.224639
5.223514e-01	6.965810e-01	-60.137140	-38.139464
9.710048e-02	4.008466e-01	-280.984875	248.229012
7.734318e-01	2.448270e-01	3.731944	-531.710964
3.428244e-01	2.299938e-01	29.389554	458.521057
2.978773e-01	3.045459e-01	-83.788215	471.895286
8.872065e-01	3.666942e-02	76.307397	-536.216699
6.511474e-01	3.986064e-01	-119.288517	-353.409673
6.762971e-01	7.325782e-01	-15.479367	-226.150078
9.377967e-01	2.332800e-01	6.020736	-208.261624
8.384811e-01	9.672099e-01	93.081974	-70.277468
7.786382e-01	4.315179e-01	-102.998979	-408.702168
6.741025e-01	8.093583e-01	51.843106	-185.146055
1.587655e-01	2.798987e-01	-57.400117	429.581989
1.353227e-01	8.641866e-01	210.664796	130.091234
7.501846e-01	2.079987e-01	31.684837	-567.807993
1.399631e-01	2.945895e-01	-87.849699	385.908224
8.028055e-01	2.189341e-01	20.594516	-528.009465
5.630822e-01	7.156024e-01	-36.820794	-101.195117
1.975424e-01	9.898247e-01	287.939884	43.358461
2.500377e-01	4.306078e-01	-241.789484	415.930553
7.552737e-01	8.609295e-01	77.049396	-175.248927
8.947814e-01	9.780879e-01	74.828524	-41.412010
3.954116e-01	4.322045e-01	-198.733206	253.517212
1.271405e-01	4.576745e-01	-313.936785	287.051915
2.378307e-01	9.860323e-01	270.472632	53.584349
6.528315e-01	6.042456e-01	-117.332788	-263.515571
2.419057e-01	4.548731e-01	-259.129782	401.651790
7.899597e-01	7.881912e-02	96.794465	-699.607272
4.764095e-01	1.525884e-01	112.090431	91.754300
2.457523e-01	9.449932e-01	252.530935	107.742816
6.140196e-01	9.881856e-01	157.791064	-32.439157
4.772763e-01	7.996836e-01	59.844399	30.484586
7.441845e-01	3.807355e-01	-90.163293	-444.980574
4.798907e-01	5.269078e-01	-191.364216	45.706708
9.809909e-02	5.942108e-01	-286.486997	188.985661
3.471828e-01	1.433660e-01	144.709356	517.398484
7.795399e-01	7.109971e-01	-27.431942	-260.093641
4.461394e-01	7.045692e-01	-57.316145	89.020302
9.530910e-02	9.628253e-01	337.930116	49.714605
5.513019e-01	7.402640e-01	-10.688308	-78.720789
5.790386e-01	6.378763e-01	-108.462616	-144.763173
7.816560e-01	1.879042e-01	42.768743	-574.339027
3.021027e-01	2.828071e-01	-50.734615	482.193080
6.840056e-01	2.929191e-01	-37.197734	-459.555005
5.653911e-01	4.184494e-01	-149.115246	-168.923423
3.065812e-01	4.445296e-01	-231.536886	382.488494
5.656900e-01	4.879293e-01	-170.516886	-153.969631
6.066332e-01	4.158599e-01	-138.310371	-263.573226
1.304240e-01	2.559596e-01	-12.105290	386.562048
3.575813e-02	9.770968e-01	409.227183	15.366498
1.145063e-01	3.780536e-01	-240.321548	294.501965
6.467109e-01	3.504460e-01	-88.257443	-369.665706
5.530488e-01	3.584108e-01	-109.798906	-150.173998
5.654506e-01	4.756348e-01	-169.071220	-156.145173
1.636815e-01	6.152246e-01	-228.346673	270.495798
1.721702e-01	5.547120e-01	-282.926888	307.079595
2.922310e-01	8.721617e-01	174.494180	161.719118
8.350620e-01	8.448946e-01	54.013823	-160.084692
8.955086e-01	5.947633e-01	-62.314582	-199.366197
5.405663e-01	1.682110e-01	87.350495	-152.536204
6.549582e-01	6.905188e-01	-53.809311	-228.021209
2.638545e-01	1.066923e-01	204.923751	675.281366
8.149124e-01	1.913606e-01	36.916597	-534.891430
4.232975e-01	3.518584e-01	-125.450739	214.647853
8.392094e-01	1.373310e-01	61.682149	-540.771137
2.626671e-01	1.772533e-01	115.611012	594.140472
4.799182e-01	3.801714e-01	-141.653744	56.078150
5.048233e-01	5.027755e-01	-187.287647	-11.385538
3.519236e-01	5.255828e-01	-228.547955	291.410632
1.206347e-01	5.195562e-01	-327.007864	252.063110
6.071207e-01	7.329083e-01	-17.154745	-157.459720
5.568839e-01	3.441337e-01	-96.653756	-163.730814
8.019684e-01	5.909879e-01	-89.509075	-311.258733
2.669070e-01	6.706758e-01	-124.472210	284.778868
5.521527e-01	7.889349e-01	42.290036	-71.009566
8.877181e-01	8.899976e-01	60.245367	-100.299447
6.810889e-02	8.005838e-01	116.051661	88.684637
9.073671e-01	6.441276e-01	-43.600218	-165.203615
1.651538e-01	3.013605e-01	-96.422424	427.398169
1.662827e-01	2.851695e-01	-66.514449	438.945090
8.419764e-01	5.363245e-01	-91.526844	-299.579375
3.634998e-02	2.072114e-01	109.563821	128.714443
2.123916e-02	3.581327e-01	-279.398445	61.094519
6.214711e-01	5.200324e-01	-155.021800	-253.281585
5.460373e-01	1.536750e-01	100.269013	-176.887097
8.233619e-01	3.335473e-02	97.698058	-748.385940
2.596841e-02	3.781321e-01	-312.072299	72.588024
6.163317e-01	2.039427e-02	156.323727	-596.800336
6.265614e-01	9.152048e-01	133.440859	-96.307544
3.747984e-01	7.294568e-01	-28.890047	180.187336
3.958141e-01	9.822655e-01	216.762793	36.905089
5.972871e-01	1.123317e-01	123.789190	-384.520998
2.215913e-01	7.991814e-01	84.583017	211.130784
8.706638e-01	7.382323e-01	-6.228608	-181.258715
1.363081e-02	7.395598e-01	-30.780285	21.290175
4.183527e-01	3.620334e-01	-136.885203	224.168334
2.039105e-01	1.831646e-01	116.478486	565.768364
7.628919e-02	1.155551e-01	271.778636	306.994186
1.591235e-01	7.882558e-01	73.123968	185.965354
4.035542e-02	7.906442e-01	102.540127	55.091830
5.990128e-01	4.025997e-01	-132.754791	-251.874265
2.290519e-01	1.828020e-01	112.711002	585.584899
6.143165e-01	3.319020e-01	-77.839291	-313.165383
6.051523e-01	9.641090e-01	156.503504	-53.161857
3.780705e-01	1.844118e-01	89.498908	408.490584
3.000936e-01	5.419658e-02	234.293796	735.654437
1.440223e-01	1.044819e-02	314.707837	761.020650
8.848495e-01	9.580158e-01	76.503595	-62.126321
6.259033e-01	9.555988e-01	149.090102	-68.670005
6.310395e-01	3.915263e-02	149.099613	-598.229933
3.513104e-01	1.463393e-01	140.480677	505.144320
1.060211e-01	1.974402e-01	110.058614	356.658306
8.394729e-02	2.682589e-02	351.564613	433.847934
9.457172e-01	9.196183e-01	46.842036	-43.875657
9.079754e-01	8.656090e-01	46.754595	-94.079776
1.489275e-01	1.717889e-01	147.531317	484.146957
6.822339e-02	6.510190e-01	-216.284856	123.392772
7.368746e-01	1.024196e-01	100.153149	-681.685373
1.600067e-01	9.397384e-02	254.774159	588.349554
1.217343e-01	2.464310e-02	324.851179	603.811708
7.623063e-01	9.569585e-01	113.742466	-94.759847
2.789994e-02	6.466042e-01	-259.281763	52.183269
1.080566e-01	4.279265e-01	-303.895132	262.157528
3.097315e-01	1.860285e-02	243.607441	841.535887
8.852931e-01	7.578730e-01	3.910405	-157.451188
5.095393e-01	1.657852e-01	93.909741	-36.386555
7.629092e-01	8.808299e-01	86.336086	-160.881419
4.995515e-01	8.751304e-01	133.575022	0.466316
7.347722e-01	2.350330e-01	11.810758	-542.773756
5.161629e-02	6.054850e-01	-307.472767	102.277658
8.759493e-01	5.040107e-01	-82.427925	-263.630375
6.783884e-01	9.893940e-01	140.819124	-42.133008
6.047920e-01	4.963449e-01	-160.621885	-232.050226
5.897502e-01	8.954788e-01	130.392841	-80.472514
4.463088e-02	8.828535e-01	296.084237	44.267146
1.082165e-01	5.201118e-01	-335.154214	230.352034
5.788293e-01	9.944638e-03	167.199969	-462.454042
3.870750e-01	4.771385e-01	-218.453764	253.933829
1.929462e-01	5.078937e-01	-290.258559	349.257851
7.750092e-01	3.543955e-01	-69.761997	-455.824771
6.977587e-01	9.127911e-01	116.017297	-129.570028
6.709581e-01	7.057764e-01	-39.258571	-235.168225
4.268941e-01	2.091247e-02	207.229631	395.077456
2.129577e-01	9.475940e-01	266.628660	102.296135
5.028209e-01	1.942606e-01	64.455797	-10.280210
6.447190e-01	1.279892e-01	104.127894	-512.659517
2.649494e-01	3.360293e-01	-134.367215	471.114566
7.036894e-01	3.813735e-02	130.470837	-784.540854
9.535916e-01	7.547397e-01	1.470590	-69.099365
8.743483e-01	6.340012e-01	-55.292897	-217.179429
2.435308e-01	6.357967e-01	-177.057752	304.685672
8.504875e-01	2.373804e-01	7.221811	-438.633963
7.209500e-01	3.392198e-01	-68.903185	-463.319377
5.022602e-02	4.850085e-01	-390.108927	119.630785
8.974704e-01	2.422933e-01	3.606899	-324.012530
5.275089e-01	4.944465e-01	-181.082849	-65.402301
8.550481e-01	3.458904e-01	-50.808694	-368.823568
1.238406e-01	2.155229e-01	70.379221	394.030074
1.154820e-01	3.632179e-01	-217.324574	302.598146
2.040032e-01	4.360713e-01	-262.916403	395.686696
8.282789e-01	5.097331e-01	-98.157851	-327.878937
8.195078e-01	4.107149e-01	-85.588737	-387.325418
8.706300e-01	7.129832e-01	-19.437130	-191.407275
6.435317e-01	5.814467e-01	-131.149433	-261.751986
9.532453e-01	4.611152e-01	-48.104819	-115.441441
5.210890e-01	3.587582e-01	-115.493993	-60.613697
3.257982e-01	8.809484e-03	239.563480	876.000178
9.781860e-01	4.320640e-01	-30.628132	-56.715710
1.757291e-01	1.593835e-01	161.057674	548.401461
5.337106e-01	5.781733e-01	-158.305551	-70.511236
3.141585e-01	3.418185e-01	-132.973376	431.847257
1.578066e-01	4.365586e-01	-283.723012	345.230431
2.426595e-01	2.014578e-01	80.962143	572.946361
7.204820e-01	2.201709e-01	24.170892	-547.870913
1.946395e-01	4.231270e-01	-256.685780	395.066681
7.742018e-01	8.305526e-01	55.565133	-192.994186
2.450817e-01	5.425376e-03	268.507616	1034.451797
5.142150e-01	3.459960e-01	-104.812298	-41.638488
8.239546e-02	7.049406e-01	-99.995593	132.598814
2.603664e-01	3.514997e-01	-156.478799	462.349980
5.361262e-01	8.691338e-01	121.742457	-38.190199
3.041422e-01	7.927144e-02	217.147630	680.095150
4.542750e-01	3.766476e-01	-143.773464	126.878299
4.647006e-01	8.285280e-01	93.938990	43.231601
2.397705e-02	9.037854e-01	360.048181	21.630388
1.976360e-01	6.333418e-01	-193.024163	289.811219
1.292899e-01	2.359127e-01	28.645222	395.302661
6.002285e-01	6.472844e-01	-97.365037	-176.005469
8.398407e-01	8.425306e-01	51.982814	-158.468836
1.569270e-01	2.136171e-01	69.870848	469.417560
6.240835e-01	4.347706e-01	-142.683509	-290.734592
5.688171e-01	8.977809e-02	143.813965	-294.798270
3.809149e-01	7.240619e-01	-36.115125	175.174133
5.108231e-01	7.949166e-01	51.712484	-14.751109
8.834000e-01	1.007199e-01	64.325829	-459.155684
6.603947e-01	5.492241e-01	-139.014639	-296.631561
7.283573e-01	4.512075e-01	-121.607069	-400.500230
8.414279e-01	7.738123e-01	14.032668	-192.626455
3.855529e-01	8.328170e-01	109.970289	127.663255
6.271700e-01	6.198875e-01	-112.883676	-224.574358
4.402544e-01	2.245251e-01	32.706990	203.048590
2.458598e-01	4.959730e-01	-268.274816	379.319799
6.228937e-01	7.276929e-02	139.870021	-511.765155
1.328509e-01	6.192689e-02	297.829876	560.103926
7.195899e-01	8.508957e-01	76.984054	-178.765931
9.729707e-01	6.585080e-01	-20.391579	-49.501601
9.572808e-01	3.510296e-01	-28.072776	-122.955006
5.768628e-01	6.412380e-01	-106.107065	-140.270609
9.572140e-01	9.271172e-01	42.496065	-33.108189
4.350644e-01	5.873106e-01	-176.361148	131.161076
8.505480e-01	4.078896e-01	-76.310243	-346.278921
2.935677e-01	8.442977e-01	140.068795	179.475846
6.498117e-01	8.984984e-01	119.513575	-119.828045
5.946158e-01	3.894022e-01	-125.473322	-246.469843
4.699738e-01	1.895734e-01	72.964319	109.588638
1.264830e-01	4.680079e-01	-319.224008	281.782099
6.928717e-01	9.924523e-01	137.082675	-36.927595
7.259893e-01	9.802759e-01	127.224745	-63.229279
6.687494e-01	7.193316e-01	-27.521400	-226.917009
3.774999e-01	8.453861e-02	192.808829	495.647293
4.865518e-02	2.709037e-02	388.228988	259.066957
5.521579e-01	9.862399e-01	173.952367	-17.168483
3.414481e-01	8.435349e-01	130.216411	156.899000
1.311026e-01	3.811725e-01	-237.039239	326.503272
7.891646e-01	9.481609e-02	91.254092	-674.539821
7.564215e-01	5.217621e-01	-118.588448	-365.178900
1.544937e-01	8.527679e-01	186.320480	149.241928
9.535867e-01	3.751483e-01	-34.957563	-128.996952
5.141123e-01	1.209186e-01	133.981736	-58.323485
8.691260e-01	8.418128e-01	46.279791	-137.775113
6.516294e-01	9.779228e-01	146.846243	-55.178005
9.672780e-01	5.035042e-01	-41.314980	-76.628391
1.438895e-01	2.971665e-01	-92.126554	392.264481
5.293820e-01	8.692094e-01	123.035236	-31.141710
7.343862e-01	7.612930e-01	8.924827	-235.504797
2.997516e-01	5.879223e-01	-211.692832	314.238830
8.753450e-02	3.904016e-01	-273.016840	229.698110
1.217835e-01	5.969595e-01	-269.609605	225.441896
5.175524e-01	3.026673e-01	-59.742372	-54.520753
9.080501e-01	6.745720e-01	-32.113410	-155.269958
7.857022e-01	9.261330e-01	99.495118	-122.378359
7.881266e-01	3.656049e-01	-73.424170	-441.551198
5.596414e-01	3.804233e-01	-126.144239	-163.053803
7.779027e-01	7.489534e-01	-0.746638	-239.894421
6.286323e-01	2.471302e-01	2.783274	-387.367981
8.141283e-01	1.556546e-02	102.249603	-850.465683
4.683614e-01	4.476210e-01	-186.730959	80.228673
4.979440e-01	3.257418e-01	-86.673749	6.199352
2.491183e-01	4.470173e-01	-252.434451	406.588372
3.911453e-01	9.144826e-01	188.574888	85.606154
8.810834e-01	5.030969e-01	-80.599211	-255.225600
2.089323e-01	9.136308e-01	242.769048	131.677733
1.904759e-01	1.788667e-01	126.098494	553.371104
7.528926e-01	8.595631e-01	76.684151	-176.243587
8.203103e-01	8.375577e-01	52.716371	-172.464135
9.279691e-01	3.551765e-01	-38.021700	-201.600025
9.495124e-01	3.387926e-01	-27.300662	-147.049778
6.871624e-01	8.549232e-01	85.003691	-165.595566
4.241455e-01	6.546740e-01	-118.293307	135.301054
2.477171e-01	4.164093e-02	258.531575	807.791391
3.944947e-01	6.245454e-01	-154.949252	191.325952
4.225428e-01	7.639317e-01	18.383946	109.971624
5.176186e-02	5.671738e-01	-355.655172	109.031813
4.106194e-01	2.835887e-03	213.716830	584.412532
5.581187e-01	9.691044e-01	169.769198	-28.666087
8.901366e-01	8.365544e-01	39.992351	-121.891514
7.638703e-01	9.679366e-01	115.207809	-81.489810
7.581181e-01	8.719668e-01	82.682503	-167.502893
8.054775e-01	8.492725e-01	61.547807	-172.138224
3.602799e-01	1.116973e-01	174.817083	516.160400
1.781886e-01	2.760870e-01	-48.554787	462.617626
5.548731e-01	7.254765e-01	-26.686866	-86.761119
3.770307e-01	4.692696e-01	-219.605082	275.118819
4.542611e-01	6.945508e-01	-68.707818	77.541614
6.999101e-01	5.808848e-02	126.419239	-726.856836
1.879809e-01	7.978886e-01	86.810404	199.171162
3.065726e-01	8.193262e-01	103.946676	189.631724
5.310393e-01	9.089330e-01	151.535666	-27.134462
1.271724e-01	2.383714e-02	321.712786	627.750234
7.411930e-01	7.165170e-02	111.635248	-734.553494
7.142013e-01	6.092773e-01	-101.659029	-310.924351
4.489633e-01	3.246338e-01	-91.629815	151.496189
6.315262e-01	8.977554e-01	122.978665	-109.453310
9.441352e-01	7.419830e-01	-2.735129	-85.114701
4.742874e-01	7.715631e-02	173.131442	116.664745
7.024905e-01	6.597585e-01	-72.312805	-279.294050
1.134043e-01	1.648859e-01	170.364454	397.718560
4.965260e-01	5.567120e-01	-177.664813	7.569029
2.584426e-01	6.727884e-01	-122.897743	284.862388
9.339052e-01	5.580717e-01	-55.345435	-139.619589
9.325896e-01	6.919851e-01	-21.337656	-113.005717
7.673953e-01	3.112402e-02	114.354665	-839.020399
9.534889e-01	6.163847e-01	-36.803147	-90.809000
8.200377e-01	2.413408e-01	5.487970	-488.785792
1.368483e-02	2.236169e-01	77.447810	47.625007
8.693034e-01	5.378045e-01	-82.410778	-261.212476
4.544265e-01	3.321357e-01	-99.291568	134.367588
3.339829e-01	3.667979e-02	230.988785	711.777042
3.265805e-01	7.532468e-01	4.889118	213.820083
1.075597e-01	2.714822e-01	-45.525424	323.659472
8.324034e-01	7.568052e-01	4.147849	-207.843240
3.818192e-01	7.788933e-01	40.137469	153.159437
7.419240e-01	7.693354e-01	15.001486	-231.740221
8.044412e-01	8.887331e-02	89.634442	-664.137514
8.776838e-01	5.233238e-01	-80.958830	-253.452133
8.143271e-01	8.782003e-02	87.440664	-649.771934
2.615884e-01	3.764321e-01	-187.180499	446.704185
4.984115e-01	2.235251e-01	31.304626	5.535670
1.761672e-02	1.938317e-02	451.953952	99.396583
8.137080e-01	5.206766e-01	-102.002622	-337.123167
6.241410e-01	2.912688e-01	-39.884187	-353.932492
5.183394e-01	8.756594e-01	130.404358	-18.984029
6.096050e-01	3.210292e-01	-68.797463	-306.955199
6.553028e-01	5.994014e-01	-119.488272	-268.466123
2.853123e-01	7.138541e-01	-57.130551	256.629655
9.327179e-01	6.770170e-01	-26.468652	-116.105221
6.090738e-01	1.256199e-03	159.528295	-741.231066
8.443110e-01	7.129981e-01	-21.474336	-218.613273
7.734645e-01	7.356633e-02	102.779017	-724.049395
8.738826e-01	3.070071e-02	81.643256	-602.198797
6.124397e-01	8.136003e-01	61.722357	-133.600403
6.275093e-01	8.948797e-01	122.134950	-108.451874
4.200606e-01	6.502479e-01	-123.758700	143.113998
2.372307e-01	3.260194e-01	-124.923128	478.173484
2.750791e-01	2.507336e-01	-1.186397	526.350467
8.799700e-01	4.752120e-01	-80.035419	-267.606286
4.651326e-01	7.029892e-02	179.194787	160.462084
7.554396e-01	2.833183e-02	118.087838	-854.913432
1.042972e-01	9.780574e-01	337.406676	41.132065
3.667803e-01	6.082575e-01	-176.404550	237.280326
5.377510e-01	6.777706e-01	-78.233868	-66.403993
4.476859e-01	6.438903e-01	-125.602596	97.053107
6.272965e-01	1.422965e-01	96.890516	-453.819307
3.797608e-01	6.747194e-01	-101.560069	194.880229
5.114927e-01	7.804595e-01	35.286929	-16.276518
4.438637e-01	5.596844e-01	-189.998932	119.250155
9.341459e-01	5.550926e-01	-55.626302	-139.777419
7.491841e-01	5.590846e-01	-113.455810	-345.520015
7.349106e-01	7.710010e-01	16.543581	-230.042308
1.838040e-01	7.582848e-01	15.342586	218.033072
5.957492e-01	7.515981e-01	1.637194	-137.043582
2.304938e-01	8.019683e-01	88.035603	211.270377
6.370016e-01	1.229629e-01	108.954273	-497.489337
9.914926e-01	4.076869e-01	-17.516871	-22.932264
9.568138e-01	9.240699e-01	42.288028	-34.129320
2.660230e-01	6.274573e-01	-181.484040	307.784339
7.076759e-01	2.619398e-01	-9.985091	-506.027766
2.428980e-02	3.261547e-01	-201.142662	72.915672
8.038197e-01	7.304632e-01	-12.964013	-239.562808
1.217135e-01	8.454536e-01	185.586233	128.544136
8.532254e-01	3.116459e-01	-34.095125	-389.919441
5.971483e-01	3.220646e-01	-71.170892	-276.464764
4.079880e-01	9.780252e-01	212.479764	36.910326
3.988340e-01	6.290188e-01	-149.670186	183.170030
1.267927e-01	7.150096e-01	-71.006372	187.656324
8.818326e-01	4.087489e-01	-67.495709	-289.777636
9.432499e-01	1.818888e-01	22.727253	-206.493163
9.206991e-01	1.667171e-01	32.543946	-289.841645
8.338397e-01	7.302668e-01	-11.943993	-219.611228
9.811372e-01	8.943398e-01	24.624502	-17.904274
2.792152e-01	9.986663e-01	255.895354	16.275722
9.943883e-01	1.899595e-01	6.260722	-20.586624
1.261628e-02	8.020549e-01	152.208726	16.852280
3.781059e-01	3.466131e-01	-127.456400	323.313063
1.491413e-01	5.350434e-01	-304.986713	288.767316
4.746406e-02	3.753474e-01	-280.294088	131.795518
2.896293e-01	8.075062e-01	89.157272	203.060252
7.602500e-01	4.328316e-01	-108.210621	-413.797560
6.929015e-01	5.313728e-01	-134.571415	-337.372703
6.396914e-01	6.220163e-01	-109.070835	-240.189198
1.101112e-01	1.773420e-01	148.351283	380.187884
2.187677e-01	6.345896e-01	-185.246332	299.711712
3.749544e-01	4.202677e-01	-196.821114	298.404811
8.497561e-01	2.039799e-01	26.066617	-462.725787
3.434886e-01	8.919663e-01	182.289798	127.531473
8.227620e-01	8.376559e-01	52.370349	-171.130612
2.773121e-01	2.601962e-01	-16.427038	518.046454
3.698345e-02	7.974733e-01	120.903602	49.641140
2.638515e-01	3.525593e-01	-157.099226	460.913937
5.684603e-01	7.968180e-01	49.369517	-90.053267
7.675093e-01	5.440742e-01	-112.103673	-351.381088
9.780574e-01	3.832971e-01	-25.074045	-60.983132
9.054213e-01	1.271714e-01	49.803988	-364.328243
7.034326e-01	4.757256e-01	-132.818195	-373.963229
5.415719e-01	8.828599e-01	131.500407	-41.303840
3.787387e-01	2.416112e-02	220.676735	603.542093
7.930204e-01	5.718168e-01	-98.185073	-326.467151
4.258104e-01	2.617345e-01	-15.420968	235.787837
4.198559e-02	5.641471e-01	-371.087514	89.395825
7.605845e-01	5.170281e-01	-117.845417	-367.214107
4.754030e-02	3.265674e-01	-182.982070	141.066337
9.585056e-01	5.575039e-02	43.808926	-198.459656
2.506649e-01	9.857592e-01	265.437007	54.267473
7.226660e-01	9.204576e-01	113.329949	-128.534789
8.664107e-01	6.866464e-01	-33.256806	-206.766041
9.984291e-01	2.370723e-01	0.728873	-5.365563
8.569219e-01	9.643427e-01	86.802968	-67.580046
5.782883e-01	9.569492e-01	161.573343	-44.894306
3.790681e-01	8.485222e-01	129.479103	126.497250
5.407095e-01	5.032368e-01	-177.620861	-95.002006
8.004348e-01	9.189612e-01	93.333947	-125.169226
3.667084e-01	2.902871e-01	-56.830410	374.417800
8.774245e-01	3.100210e-02	80.379196	-588.009607
7.791196e-02	5.848614e-01	-311.704266	156.046742
1.892166e-01	9.296891e-01	264.268626	113.534043
2.398543e-01	6.778833e-01	-118.512509	281.961659
4.213364e-01	4.713258e-01	-207.225068	186.429288
1.742569e-01	8.354884e-01	153.237295	170.759004
5.925843e-01	6.712050e-01	-77.864682	-157.207789
2.240434e-01	9.981213e-01	277.085836	19.388750
8.190733e-01	2.962596e-01	-29.006850	-453.447518
4.148387e-01	6.964287e-01	-70.190580	138.977912
7.091272e-01	2.213861e-01	23.752472	-538.168327
3.567019e-01	1.527003e-01	132.033155	486.728274
9.827865e-01	2.681897e-01	-3.404612	-56.112520
7.298447e-01	3.660553e-02	123.795226	-817.490629
4.096757e-01	7.449014e-01	-6.855316	132.184910
1.980829e-01	8.439784e-01	160.507070	176.783589
6.589780e-01	4.062164e-01	-121.640498	-361.643471
9.377352e-02	3.673980e-01	-234.420579	251.964994
1.552705e-01	5.180561e-02	292.970397	645.556565
7.179854e-01	2.273169e-01	18.523250	-540.396386
5.339689e-01	4.822475e-01	-178.345501	-81.965766
5.996543e-01	9.324853e-01	147.660652	-70.207384
7.901307e-01	3.113311e-02	107.863932	-817.332282
5.574730e-01	4.384236e-01	-160.389149	-145.377966
7.143686e-01	3.920921e-01	-102.336594	-427.506798
9.082650e-01	6.726900e-01	-32.811167	-155.497032
7.096230e-01	9.594914e-01	128.419182	-89.195026
6.655930e-01	9.956967e-01	144.500889	-25.669304
5.825434e-01	4.015546e-01	-135.686777	-214.551524
7.235158e-02	6.582193e-02	336.206096	328.196922
4.032302e-01	6.846549e-01	-86.181731	159.320573
3.110945e-01	7.756887e-02	216.314953	671.793310
2.708497e-02	2.675281e-01	-47.305010	88.120336
7.358462e-01	8.415221e-01	68.245319	-187.477916
3.725203e-01	6.841589e-01	-90.504357	200.452426
4.691477e-01	6.748503e-01	-89.647806	54.740326
4.827941e-02	2.340883e-01	39.367526	163.107337
7.080866e-01	5.711063e-01	-120.047084	-327.452031
4.241147e-01	9.988932e-01	209.826944	6.920474
5.830623e-01	6.180733e-01	-122.675483	-156.692102
7.385759e-01	9.035875e-01	102.526974	-143.907182
9.130344e-01	1.324088e-01	46.021903	-334.805855
3.376575e-01	4.169569e-02	228.020122	688.265844
7.010066e-01	4.798351e-01	-133.953971	-370.041810
6.380555e-01	9.827478e-01	150.979229	-45.589583
7.134940e-01	4.962626e-02	125.290056	-764.697181
9.087839e-01	2.809464e-01	-13.538761	-276.861568
9.877258e-01	3.521425e-01	-15.072342	-35.666107
4.648998e-01	9.037554e-01	163.119886	31.533072
6.103313e-01	7.081613e-01	-41.370421	-170.099076
3.670890e-01	7.991610e-01	68.949388	159.061391
6.112612e-01	4.987552e-01	-158.950624	-243.202695
2.208598e-01	3.203541e-01	-119.108923	475.372810
3.166925e-01	4.444665e-01	-228.304513	372.733300
1.690969e-01	7.265848e-01	-44.277071	223.707609
4.668657e-03	8.825294e-01	388.275804	4.698093
6.717245e-01	4.789389e-01	-141.666831	-342.707596
2.072230e-01	5.108879e-01	-283.576901	358.012852
1.662287e-01	5.497862e-01	-288.765304	303.034573
5.027375e-01	5.677618e-01	-171.109375	-5.863541
2.027897e-01	4.646502e-01	-279.157597	379.380523
1.422856e-01	9.155088e-01	272.828942	104.955579
1.477722e-01	2.952505e-01	-87.878216	400.741367
3.537091e-01	9.975334e-01	230.943266	17.904466
4.932689e-02	3.224668e-01	-172.834615	147.023135
6.671799e-01	1.369935e-01	93.953454	-554.301362
7.588498e-01	5.879741e-01	-101.292582	-329.705462
1.059958e-01	1.460529e-01	206.253837	388.306376
9.020519e-01	5.330073e-02	68.700695	-447.914352
5.863607e-01	7.144313e-01	-36.687194	-135.685950
7.933878e-01	5.850576e-01	-93.797929	-319.506544
3.698995e-01	5.460010e-01	-216.570794	257.106598
8.875936e-01	4.850899e-01	-77.892538	-250.127724
9.126569e-01	7.121800e-01	-16.123479	-137.714123
8.620848e-01	7.842999e-01	18.664502	-170.216829
9.543307e-01	1.908734e-01	17.782192	-165.043372
9.239627e-01	1.889251e-02	63.265558	-415.067616
1.914900e-01	5.970966e-02	271.024387	709.868705
4.353808e-01	7.077919e-01	-54.150656	105.209379
3.785268e-01	3.123254e-01	-85.230128	337.899903
4.510204e-01	2.499807e-01	0.024551	161.613978
2.000931e-01	7.664463e-01	29.644280	222.301828
2.614256e-01	4.605103e-01	-254.387380	397.987561
7.587713e-01	3.251501e-02	116.563286	-837.448770
5.359475e-01	4.639340e-01	-174.356428	-88.931303
2.172975e-02	1.161592e-02	442.160717	130.181080
1.590479e-01	1.639112e-01	158.185516	512.534804
7.011226e-02	8.914469e-01	286.719329	65.498857
3.537126e-01	7.733676e-03	230.697278	794.421222
4.949123e-01	1.090880e-01	147.099587	21.557425
1.857236e-01	2.645240e-01	-26.789290	480.500385
7.830811e-01	2.493163e-01	0.481238	-522.549474
4.254125e-02	5.358557e-01	-392.402628	94.532569
3.762085e-02	3.472192e-01	-235.353467	109.138798
1.805451e-01	7.175451e-01	-60.028823	236.591851
8.754114e-01	5.638526e-01	-76.082542	-241.904225
9.343847e-01	1.313653e-01	40.033395	-258.676339
8.465222e-01	7.036975e-01	-26.527327	-220.709889
6.821895e-01	4.543165e-02	134.442719	-725.497581
2.187578e-01	5.426629e-01	-269.332692	347.467900
1.603883e-01	3.020099e-01	-98.388379	419.279374
4.711884e-01	4.353855e-01	-180.560945	74.392793
2.218878e-01	2.714952e-01	-37.432065	509.351870
3.404144e-01	1.705763e-01	112.556439	507.953568
6.313607e-01	8.513137e-01	91.331897	-133.587454
7.633154e-01	5.431644e-01	-113.440612	-352.765783
9.913933e-01	7.284956e-01	-2.837467	-13.784741
5.600336e-01	6.119871e-01	-131.538087	-116.952086
3.932423e-01	6.246707e-01	-155.092300	193.207184
2.009419e-01	1.117776e-01	219.086017	639.145104
8.859507e-01	7.422348e-01	-3.845140	-162.495132
5.013454e-01	9.881989e-01	187.743699	-0.417341
3.575740e-01	1.304390e-01	156.819113	504.513593
5.876684e-01	5.246748e-01	-163.207465	-190.470178
9.222645e-01	1.901503e-01	23.669284	-273.942452
9.788752e-01	2.976816e-02	32.528243	-112.418723
4.069662e-01	3.603417e-02	209.338607	455.831969
1.268753e-01	5.538553e-01	-307.079127	249.174004
3.146803e-02	9.349092e-01	386.609043	23.092113
2.596632e-01	6.038481e-01	-209.039301	321.234127
8.755673e-01	5.390232e-01	-80.119600	-250.983719
8.709423e-01	3.247120e-01	-38.099036	-348.370744
2.270919e-01	1.330018e-01	185.006623	636.944956
6.999833e-01	1.165322e-01	100.634180	-631.815293
4.045325e-01	6.132182e-01	-163.261887	178.880359
5.454668e-01	1.558752e-01	98.340826	-174.091203
1.480332e-01	4.183355e-01	-272.817403	339.121315
7.570610e-01	7.901983e-01	29.868763	-219.665828
1.724927e-01	1.297702e-01	205.919046	572.234970
7.484827e-01	2.740560e-01	-18.361961	-515.512745
9.765238e-01	9.608283e-01	33.868077	-13.312617
3.757933e-01	8.158522e-01	90.116933	143.825660
5.010230e-01	8.532627e-01	113.808872	-1.160209
5.246791e-01	4.038906e-01	-149.773620	-66.634556
7.310992e-01	4.000028e-01	-102.581581	-430.691537
7.504663e-01	3.804712e-01	-88.734084	-445.435954
8.351116e-01	3.128057e-01	-36.974676	-420.290087
3.146193e-01	2.327836e-01	26.303727	502.599091
9.345675e-01	6.535797e-01	-33.561613	-118.095438
4.614748e-01	5.693481e-01	-180.622190	81.517647
9.862876e-02	5.481292e-01	-329.176650	204.064775
2.789592e-01	7.507520e-01	1.209628	238.610916
6.569781e-01	6.010719e-01	-118.218977	-269.627863
9.870408e-01	1.434349e-01	16.059775	-51.358010
4.247950e-01	7.306773e-01	-25.389018	115.525758
9.976664e-01	4.652688e-01	-10.691405	-5.811405
9.335902e-01	6.423778e-01	-37.169745	-122.166358
5.899320e-01	1.916865e-01	58.964720	-311.848942
2.616504e-01	6.597014e-01	-140.984070	291.464991
5.442386e-01	4.911066e-01	-176.439463	-104.847623
5.578417e-01	1.313756e-01	117.395027	-229.485324
5.791809e-01	6.584046e-01	-91.128071	-139.801026
8.525230e-01	1.333545e-01	60.547080	-514.283514
9.349225e-01	5.151820e-01	-58.504956	-146.722015
2.493181e-01	6.845164e-01	-106.791109	278.972320
9.468033e-01	7.455812e-01	-1.470505	-80.545269
9.149782e-02	1.947846e-01	119.128075	315.132187
9.529328e-01	6.363985e-01	-32.568866	-88.778057
1.967210e-01	3.644185e-01	-190.259856	429.992287
3.795172e-01	1.902425e-01	81.778701	400.872168
7.538853e-01	2.532286e-01	-2.442715	-530.884544
3.476706e-01	8.049083e-02	203.724313	588.021297
9.758370e-01	7.384610e-01	-2.566754	-37.734430
6.454614e-01	4.167926e-01	-129.883146	-335.700903
1.016903e-01	8.010604e-02	300.060836	429.336097
4.089423e-01	7.898686e-01	53.108356	119.155477
8.425063e-01	8.123772e-01	35.825636	-172.634952
3.559146e-01	5.643574e-01	-211.707339	269.593588
8.640808e-01	6.801129e-01	-36.815380	-212.107198
9.161781e-01	8.884597e-01	51.235882	-78.328875
4.005918e-01	8.388490e-01	114.787018	111.077106
1.020136e-01	3.891281e-01	-262.549743	263.241133
5.928565e-01	3.731503e-02	159.335463	-452.666589
4.626513e-01	2.155473e-02	197.088647	206.389618
6.449474e-01	1.100091e-03	150.040443	-934.266659
9.664725e-01	4.170521e-02	40.410946	-168.889180
3.929178e-01	7.362424e-01	-18.905185	156.258022
1.546966e-01	5.706500e-01	-279.516286	280.335737
3.793870e-01	9.714899e-01	219.478385	52.970143
4.103014e-01	7.194420e-01	-40.806526	138.908596
2.773445e-02	4.579825e-01	-414.120430	69.426406
6.859289e-01	7.432917e-01	-5.861576	-227.075446
9.653387e-03	3.451073e-01	-274.601170	28.331181
5.345247e-01	1.937885e-01	62.022153	-124.931717
3.998142e-01	3.512743e-01	-128.908743	272.861152
7.864622e-01	5.379197e-01	-107.905137	-347.483866
7.113865e-01	9.483647e-01	125.315773	-101.278205
7.169007e-01	2.126353e-01	30.404561	-551.659311
4.061716e-01	2.786015e-01	-38.439486	284.800605
4.712830e-02	5.837110e-01	-342.469733	97.017311
9.730928e-01	2.259113e-02	37.041624	-148.432533
6.236393e-01	7.776570e-01	26.918021	-159.295701
1.687969e-01	9.372872e-01	279.036261	100.630144
1.186954e-01	8.554239e-01	203.415681	121.502309
5.141135e-01	2.826266e-01	-37.619138	-45.110319
5.961218e-01	2.966561e-01	-47.088716	-283.669533
6.401247e-01	8.555868e-01	93.186808	-137.974810
2.860872e-01	2.632412e-01	-21.062342	510.093012
5.775935e-01	8.504155e-01	99.016276	-85.444017
4.126187e-01	6.109070e-01	-163.470810	166.003388
5.835025e-01	2.637820e-01	-14.381922	-262.026231
4.176011e-01	1.176145e-01	156.489653	328.084937
5.984504e-01	6.360048e-02	149.548886	-436.145322
4.250094e-01	8.974992e-01	167.592604	67.642063
9.286599e-01	8.402749e-01	33.116821	-81.921937
2.891275e-01	4.691076e-01	-247.641937	382.373858
2.463428e-01	1.591163e-01	144.949286	614.176699
7.049991e-02	4.466818e-01	-348.456918	174.355521
5.021768e-01	3.326813e-01	-93.349531	-6.501547
2.833683e-01	3.232404e-01	-112.990606	471.000286
8.436394e-01	8.317832e-01	45.921332	-161.768610
7.583425e-01	3.142064e-01	-46.778547	-486.881321
1.329527e-01	5.392454e-02	303.533034	574.197283
4.640557e-01	7.303324e-01	-24.469539	56.881898
1.583873e-01	6.679013e-01	-151.705681	241.485869
1.315540e-01	8.486717e-01	187.476487	135.022153
1.326751e-01	2.533295e-01	-6.735613	393.111583
2.517080e-02	7.503470e-01	0.947982	38.246605
5.722815e-01	4.538435e-01	-162.192694	-176.688850
7.036347e-01	9.386636e-02	111.631127	-667.608764
1.512881e-01	3.627160e-01	-202.530882	371.328893
1.151626e-01	2.927347e-01	-88.366834	332.518294
6.236330e-01	3.596501e-01	-98.974354	-321.219288
8.702868e-01	6.611363e-02	77.266623	-543.486819
4.074618e-01	1.174930e-01	158.787142	364.180257
3.616645e-02	8.312771e-01	201.762197	43.883810
9.253377e-01	9.976219e-01	63.104992	-9.995970
2.961336e-01	9.066145e-01	208.130535	135.960146
2.940604e-01	5.527517e-01	-237.012347	335.608438
8.182232e-01	9.939305e-01	101.405711	-32.156783
4.578453e-01	3.559143e-01	-123.643419	120.564950
6.764381e-01	9.087916e-01	119.023553	-125.428904
3.586112e-01	8.743600e-01	161.582427	128.850729
1.684976e-01	2.766991e-02	297.787191	748.149839
2.371279e-01	6.071309e-01	-212.512296	319.046576
8.738215e-01	4.206332e-01	-73.074372	-300.369423
6.587732e-01	2.050558e-01	40.786907	-479.216841
7.954972e-01	1.383326e-01	69.948420	-611.437688
3.576489e-01	7.919173e-01	59.809654	170.681025
4.299823e-01	6.220365e-01	-149.895341	132.966960
4.928063e-01	2.055407e-01	52.550407	25.752645
1.082910e-01	7.054618e-01	-93.300414	168.384546
4.103316e-01	3.775548e-01	-153.611727	238.838758
4.524149e-01	1.771517e-01	89.165621	175.589824
5.050396e-01	5.705742e-01	-169.146827	-10.745999
2.907283e-01	3.721507e-01	-174.846891	435.834491
2.755280e-01	6.915543e-01	-92.354044	271.652591
8.761282e-01	7.617259e-01	6.064697	-165.968050
1.663401e-01	4.000670e-01	-245.560774	375.156863
7.506576e-01	9.885891e-03	121.100665	-973.600240
2.909875e-01	2.302498e-01	31.157939	531.015905
1.003647e-01	4.654462e-01	-335.458258	233.651418
6.295819e-01	4.451750e-01	-145.059684	-296.419787
9.441450e-01	5.583914e-01	-50.701803	-118.913668
7.948260e-01	8.423924e-01	59.545707	-180.263037
3.189109e-04	6.928433e-02	582.886954	1.483501
9.601145e-01	2.293928e-01	5.901831	-136.351831
5.746931e-01	7.404722e-01	-10.088470	-112.335930
4.349399e-02	7.877439e-01	94.247029	59.735150
3.138563e-01	1.978397e-01	78.508531	530.985179
7.412320e-01	4.464786e-02	119.132229	-797.753027
1.674598e-01	6.518582e-01	-175.149038	257.442052
5.047459e-01	6.706707e-01	-89.557746	-8.538866
4.032319e-01	3.466833e-01	-123.246844	266.413105
5.464115e-02	8.223938e-01	169.711778	67.447920
1.847709e-02	2.260477e-01	67.862532	64.005214
5.256085e-01	2.487372e-01	1.441671	-85.630635
3.918093e-01	7.847019e-01	47.439822	140.256868
8.359309e-01	8.797045e-01	69.794565	-139.146888
5.188697e-01	5.741515e-01	-163.956939	-39.924648
3.753499e-01	1.163000e-01	167.014185	468.951719
6.757791e-01	3.314412e-01	-69.450461	-425.327151
6.050408e-01	5.403676e-01	-155.460357	-217.959138
8.540739e-01	1.997361e-01	27.947996	-456.453919
6.634480e-01	2.631015e-01	-11.933098	-448.061109
8.108778e-01	9.449739e-03	103.552374	-907.651147
5.717294e-01	6.309785e-01	-115.205734	-133.937411
7.805620e-02	8.866833e-02	307.103598	332.215356
1.325596e-01	5.078632e-01	-321.672671	275.964164
7.741066e-01	5.716230e-01	-103.229461	-334.990908
1.160436e-01	8.520338e-01	198.860427	120.801269
5.625321e-01	6.739581e-01	-79.017363	-108.979263
8.264889e-01	8.068803e-01	34.599853	-186.123994
6.004501e-01	9.035468e-01	132.994802	-85.153615
6.437872e-01	2.402523e-02	148.641886	-687.261275
8.211850e-01	6.756030e-01	-45.314183	-255.844590
6.331561e-01	4.376148e-01	-141.550814	-305.814455
3.945951e-01	3.008410e-01	-68.610428	305.378916
8.169893e-01	2.085336e-01	26.239630	-517.825487
7.088847e-01	8.154312e-01	53.109386	-197.888651
2.025667e-01	5.728946e-02	267.938601	732.481152
7.176492e-01	6.215035e-01	-94.282697	-306.065183
1.593736e-01	7.043220e-01	-86.915083	225.943058
9.959063e-01	4.069463e-01	-12.100581	-11.050177
2.397797e-01	6.364814e-01	-177.148750	303.947183
3.488597e-01	3.132539e-01	-89.990393	396.999680
3.682684e-02	9.184302e-01	358.775050	30.312416
3.171489e-01	8.201699e-01	103.610288	184.061417
1.728766e-01	2.677163e-01	-33.343123	460.288470
4.223322e-01	3.158773e-01	-84.601485	228.069584
1.286742e-02	1.122680e-01	359.893224	54.116577
4.963545e-01	8.214861e-01	82.334858	4.602078
1.959302e-01	8.490614e-01	168.638207	172.816160
9.387496e-01	8.385677e-01	30.086797	-71.378315
5.791145e-01	2.270890e-02	165.749741	-420.392153
2.453265e-01	7.884853e-01	64.311520	220.797918
6.869731e-01	6.427201e-01	-86.650469	-277.953294
6.520906e-01	1.227235e-02	147.707710	-776.270319
2.607565e-01	3.581842e-01	-165.115081	458.091105
2.381486e-01	7.998073e-01	83.551909	213.571055
9.667249e-04	7.086250e-01	-153.439035	1.615292
3.313486e-01	4.170350e-01	-206.490404	369.602376
9.702006e-02	1.697766e-01	167.134282	345.470649
5.604036e-01	5.999856e-01	-139.493250	-119.986903
6.377699e-01	2.130321e-01	34.977002	-429.084880
3.972504e-01	4.843399e-01	-216.635946	232.135551
4.966384e-01	9.731364e-02	155.201756	14.607318
5.333919e-01	4.392912e-01	-166.705966	-85.594140
7.851078e-01	6.121143e-01	-84.914515	-309.767821
9.339748e-01	7.744554e-01	9.062832	-92.333128
4.683206e-01	4.904621e-01	-196.978019	75.625863
9.133506e-01	7.885760e-01	16.371044	-114.380373
2.365403e-01	7.105554e-01	-66.731574	263.933165
7.587180e-02	1.287778e-01	251.084488	297.678160
2.262199e-01	4.048210e-01	-228.271781	426.102279
4.656720e-01	9.291165e-01	178.746908	26.295567
6.844312e-01	5.951434e-01	-115.315576	-299.113910
7.691808e-01	6.971753e-01	-37.819083	-270.174080
1.704026e-01	4.730161e-01	-297.067709	344.042214
9.141224e-01	4.174582e-01	-58.962715	-217.594097
3.879167e-01	4.433649e-01	-206.661828	264.589450
9.087496e-01	8.403311e-01	37.675543	-102.517859
2.423170e-01	6.507931e-01	-157.462911	296.639211
2.650609e-01	4.252585e-01	-232.807128	417.129979
2.158743e-01	2.069982e-01	74.875507	555.656896
8.497533e-01	9.070880e-01	76.277453	-114.605276
6.552619e-01	8.381114e-01	77.448586	-157.671919
5.066582e-01	9.541311e-01	179.113274	-4.106452
6.489121e-02	1.707075e-01	179.047296	238.893127
2.944128e-01	8.867914e-01	189.780073	150.987563
9.998554e-01	3.752383e-01	-1.929273	-0.407491
6.831150e-01	9.254894e-01	124.814395	-115.119159
6.522336e-01	3.856364e-01	-111.489686	-361.457053
5.537136e-01	9.366337e-01	160.565787	-38.389037
7.245038e-01	4.138423e-01	-110.227272	-420.170142
3.438815e-01	1.453903e-01	143.016008	522.899905
6.838151e-01	9.780019e-01	138.343853	-61.821212
1.841248e-01	7.839974e-01	62.478078	204.654631
9.908700e-01	1.630871e-01	11.268908	-34.985563
3.678752e-01	1.443782e-01	139.561925	465.241863
3.971653e-01	3.326877e-01	-108.091344	286.216880
9.993173e-01	3.799476e-03	5.918916	-4.588090
9.043427e-01	1.072523e-02	71.678425	-545.689120
1.627003e-01	8.923283e-01	238.061404	130.503898
4.793990e-01	1.518386e-01	112.364436	80.301597
4.568834e-01	1.708346e-01	95.679553	161.192863
1.195050e-01	5.191918e-01	-327.826236	250.300577
2.388664e-01	3.882909e-01	-207.023437	439.646102
3.601846e-01	3.884536e-01	-174.979784	339.182472
4.200545e-01	8.871193e-01	160.121452	75.502268
8.206028e-01	2.966984e-01	-29.136977	-451.132259
1.590070e-01	1.253346e-01	216.784952	549.154728
8.797131e-01	5.498007e-02	76.316885	-529.315255
2.944208e-01	6.842353e-01	-100.600822	268.324537
7.701412e-02	7.433266e-01	-15.206459	114.812302
8.620983e-01	4.303904e-01	-79.059268	-317.051758
3.316664e-01	9.069074e-01	198.445688	123.403273
5.396495e-01	8.006739e-01	55.702805	-52.675423
5.737174e-01	6.721220e-01	-79.378485	-127.613711
3.626782e-01	6.790954e-01	-98.322479	214.142369
8.811867e-01	1.360679e-03	80.574208	-790.523221
5.562036e-01	8.341789e-01	87.561206	-66.728069
7.167604e-01	8.051875e-01	44.432910	-206.342756
8.250648e-01	3.856365e-01	-74.786602	-394.027361
3.578447e-01	1.306945e-01	156.491753	503.582654
9.470609e-01	2.690910e-01	-6.323009	-169.520629
1.137291e-01	1.447778e-01	205.111247	412.788678
1.257511e-02	1.675939e-01	234.579029	47.799936
4.236087e-01	1.310866e-01	142.691439	298.256641
1.544327e-01	8.786913e-01	223.978715	134.446145
4.292162e-01	2.193925e-01	39.824576	240.103916
1.117441e-01	5.857856e-01	-287.848687	214.010455
1.158131e-01	6.613190e-02	304.347660	496.711635
4.714821e-01	2.545126e-03	196.430140	197.382938
6.152901e-01	2.048699e-01	44.174138	-378.085791
9.315431e-01	8.591102e-01	38.197062	-73.631237
7.651273e-01	2.854359e-01	-25.885427	-505.079475
4.290433e-01	6.988457e-01	-65.839380	116.963147
5.169634e-01	9.204813e-01	161.535212	-13.875873
4.775988e-01	4.543912e-01	-186.821410	56.457138
2.885244e-01	3.582087e-01	-158.808567	445.739272
5.573403e-01	7.717578e-01	23.607711	-81.310279
8.526619e-01	7.000239e-01	-27.938675	-216.233658
9.014120e-01	5.512210e-01	-69.244353	-203.035039
8.572501e-01	8.818586e-01	65.524493	-125.547795
5.227053e-01	6.737618e-01	-84.108571	-40.484163
5.696931e-01	1.379155e-01	110.033871	-270.443247
8.245761e-01	3.818038e-01	-73.302733	-396.705591
9.397910e-01	1.655858e-01	28.560638	-224.429825
6.392976e-01	2.829972e-01	-31.194188	-390.834366
5.747152e-01	7.102875e-01	-41.638036	-119.896572
3.799609e-02	4.458002e-01	-386.186909	96.312153
7.198439e-01	7.889764e-01	31.494660	-216.655410
7.558225e-01	5.556065e-01	-112.632957	-347.141354
8.392058e-01	2.710789e-01	-12.526734	-438.492987
5.761072e-01	6.001705e-01	-136.009079	-148.991918
8.892843e-01	3.559594e-02	75.675788	-530.372824
5.172500e-01	5.307870e-02	173.818356	-83.987952
8.799304e-01	4.231301e-01	-71.761335	-287.802611
1.660939e-01	2.401848e-02	300.112034	756.201898
8.161352e-01	2.015831e-01	30.590290	-524.644035
1.533493e-03	3.445934e-01	-322.960196	4.506408
6.144115e-01	7.642767e-01	14.165107	-154.715680
5.210806e-02	5.843536e-02	363.473792	245.564410
8.753555e-02	7.792438e-01	64.605645	118.287805
7.313284e-01	2.843642e-01	-27.151589	-504.637373
5.913971e-01	8.443024e-03	163.972114	-537.842380
1.944884e-01	9.213433e-01	255.221613	121.885532
4.277096e-01	5.156443e-01	-207.789182	161.802179
6.071103e-02	1.639829e-01	195.123089	226.820858
5.963295e-01	9.817362e-01	161.828323	-35.003066
8.439787e-01	2.973394e-01	-27.347641	-414.532828
9.909350e-01	3.462057e-01	-12.287580	-26.566535
9.368975e-01	7.397627e-01	-3.718076	-96.072403
6.318141e-01	4.935396e-01	-153.396419	-280.527192
4.909469e-01	8.025392e-01	61.944158	12.082351
2.951210e-02	2.032973e-01	123.002887	105.445716
3.696230e-02	1.350824e-01	271.930569	147.559383
2.730883e-01	8.260669e-02	224.125425	708.034064
1.896036e-01	3.244205e-01	-131.686958	446.564309
9.367324e-01	6.998303e-01	-17.957421	-104.801409
2.795569e-01	6.177300e-01	-188.935106	309.085418
3.984899e-01	6.381549e-01	-140.457708	180.826758
2.572211e-01	2.366673e-01	22.090366	543.401659
6.648473e-01	6.878516e-01	-55.098822	-238.445349
7.116288e-01	2.522463e-01	-1.865012	-516.412880
2.949261e-01	8.959591e-01	198.739510	144.246199
3.483518e-01	4.890133e-01	-232.106596	312.374086
5.180369e-01	6.921377e-01	-65.339139	-31.084174
7.701402e-01	4.272688e-01	-103.906621	-414.506415
1.383422e-01	8.094459e-01	116.268789	159.139091
9.040472e-01	5.720858e-01	-64.702599	-192.009028
3.203789e-01	2.187883e-01	47.099841	504.859442
9.187866e-01	2.578755e-01	-3.261493	-257.649446
8.491902e-01	7.957865e-01	25.991003	-175.851745
9.760765e-01	3.572494e-01	-21.999923	-68.843804
9.588170e-01	9.388201e-01	43.071502	-29.132901
6.597156e-01	8.629286e-01	95.196236	-146.731018
3.228980e-01	8.569914e-01	150.010410	159.660859
4.261455e-01	8.114497e-01	78.797908	92.700363
3.011301e-01	7.467606e-01	-5.051717	232.333930
9.202459e-01	5.174181e-01	-64.926671	-176.699163
3.533754e-02	5.760035e-01	-367.893016	74.112512
5.001153e-01	5.870573e-01	-161.077660	-0.239537
4.889006e-01	6.942415e-01	-65.780157	19.074550
8.145856e-01	6.798059e-01	-43.798243	-258.642368
2.329393e-02	9.877922e-01	438.006839	7.323897
7.772209e-01	4.867111e-01	-113.344928	-378.904259
6.054836e-01	7.985932e-01	48.240551	-132.223806
7.805513e-01	8.943690e-01	88.832814	-148.618738
2.399341e-01	3.254469e-01	-123.564763	479.132755
4.942903e-01	8.031623e-01	62.351945	7.609266
7.189750e-01	7.264378e-01	-19.195919	-251.316908
9.128691e-02	5.685440e-01	-318.524855	184.769317
2.852757e-01	6.412710e-01	-160.174498	294.648796
2.449627e-01	5.341185e-01	-262.559336	358.661618
3.001811e-01	3.522832e-01	-148.955553	440.022847
7.419820e-01	6.252700e-01	-87.369442	-310.113520
5.116556e-01	3.028753e-01	-60.488906	-36.235007
5.390779e-02	4.720867e-01	-381.245123	130.442311
1.558676e-02	1.921167e-01	164.408229	56.906063
7.115909e-01	3.033303e-02	129.764420	-822.631452
5.041987e-01	3.642721e-01	-123.342022	-12.011376
8.260443e-01	1.692177e-01	48.140951	-536.326422
8.953242e-01	7.119991e-01	-17.817542	-161.438425
5.995514e-01	1.947096e-01	55.170139	-339.370529
9.362868e-01	8.119689e-01	22.066766	-80.594513
1.707587e-01	7.771495e-01	51.133490	199.900869
8.761419e-01	5.116579e-01	-82.164718	-260.397665
6.375032e-01	2.519101e-01	-1.824419	-404.581719
8.000273e-01	6.860619e-01	-41.845028	-264.515601
6.011238e-01	7.618513e-01	12.024687	-140.254601
7.193734e-01	3.830816e-01	-96.491751	-435.666370
7.600719e-02	2.103233e-01	89.732535	260.050866
1.172203e-02	7.633015e-02	423.840091	53.481641
1.081180e-01	4.934668e-01	-337.632595	239.254914
3.039058e-01	2.441129e-01	9.143922	507.513646
9.462637e-01	9.805592e-01	52.850126	-21.031503
3.923357e-01	9.933288e-01	218.959211	23.209084
1.098435e-01	7.111585e-01	-81.360801	168.430531
2.941488e-01	9.470431e-01	236.877931	101.656534
1.968317e-01	2.777935e-01	-50.186388	484.480668
2.296498e-02	1.144832e-01	331.088752	95.922663
7.757454e-01	8.629512e-01	74.392799	-171.695296
1.830032e-01	9.622051e-01	286.965468	81.177387
2.053469e-01	3.991111e-01	-229.680372	417.294163
9.753071e-01	4.051827e-01	-29.653238	-66.553807
7.258301e-01	3.205758e-01	-55.026475	-477.744288
7.098299e-01	9.365679e-01	122.241930	-112.323158
6.652414e-01	8.758495e-01	102.825750	-142.131629
4.171287e-01	6.148741e-01	-159.024704	157.205993
1.048846e-01	4.693127e-01	-333.910972	241.329273
6.534183e-01	1.273298e-01	102.965972	-534.368131
8.474615e-01	9.433781e-04	92.171241	-978.635105
9.273431e-02	6.481556e-01	-208.622302	164.187515
3.169473e-02	6.728362e-01	-196.175742	56.428719
9.999555e-01	7.105123e-01	-0.371343	-0.074119
2.371872e-01	2.312674e-01	31.913989	546.524318
1.784355e-01	8.108707e-01	111.006530	186.851259
4.232641e-01	1.130577e-01	159.265096	310.209435
4.859945e-01	9.645540e-01	187.700586	7.565324
5.455505e-01	4.649807e-01	-172.113144	-111.942494
5.130194e-01	9.312015e-01	168.070325	-9.885292
1.940328e-01	5.049698e-01	-289.978120	351.631954
5.164237e-01	3.289043e-01	-87.614671	-49.221100
9.635440e-02	1.938702e-01	119.703247	330.299250
2.032173e-01	3.557629e-01	-176.371930	440.895390
8.300963e-01	6.864897e-01	-37.986806	-243.456423
4.574348e-01	3.376169e-01	-104.817331	124.781249
5.877915e-01	5.306945e-01	-162.094236	-189.015915
6.041738e-01	8.206960e-01	69.112804	-122.628031
3.384241e-01	8.330342e-02	204.255772	606.901063
3.044922e-01	4.279438e-01	-222.168736	393.228808
2.291628e-01	1.115278e-01	210.202283	665.357761
6.749152e-01	1.977623e-01	45.795037	-513.847062
5.710784e-01	4.870909e-02	161.699582	-340.207505
7.253014e-01	6.239292e-01	-91.399654	-307.476444
2.525963e-01	8.731031e-01	185.669751	166.899771
7.088184e-01	1.154368e-01	99.458163	-643.645713
9.244329e-01	7.846095e-02	55.946289	-330.482562
4.777779e-01	9.500276e-02	161.042740	96.752786
7.997663e-01	7.051568e-01	-29.777073	-254.832713
4.390797e-01	4.550025e-01	-197.386121	150.181865
4.133917e-01	9.006131e-01	172.753971	75.899925
2.030159e-01	5.895738e-01	-241.961579	315.121886
1.836112e-01	9.777717e-01	292.090864	62.112271
5.191835e-01	7.216434e-01	-32.509553	-31.119603
1.206078e-01	4.403630e-01	-306.646068	282.053824
5.932571e-01	7.436248e-01	-6.555964	-136.378682
5.250534e-01	9.437210e-01	170.601296	-17.096373
3.783708e-01	2.905388e-01	-56.278464	348.596276
2.070201e-02	6.598957e-01	-239.298997	37.893459
9.348593e-01	2.643053e-01	-5.278140	-208.013356
7.647169e-01	1.581226e-02	116.765274	-918.813014
4.521085e-01	5.279570e-01	-198.756156	107.336476
1.794817e-01	2.732271e-01	-43.181197	466.298420
2.626547e-02	9.885255e-01	431.104186	7.997089
4.964686e-02	9.192308e-01	343.124217	40.357937
7.875577e-01	7.873487e-01	25.744631	-215.422014
3.281595e-01	3.360480e-01	-123.093748	417.266639
4.709721e-01	8.165502e-01	79.831572	36.999664
4.950282e-01	7.188838e-01	-36.906971	8.130937
2.404259e-02	2.804409e-01	-83.159469	76.889842
8.125720e-01	7.105677e-01	-25.312398	-244.664988
3.454981e-01	5.205923e-01	-231.614076	302.153817
3.209039e-01	7.217436e-01	-42.658881	233.497890
7.485192e-01	8.233311e-01	54.215814	-199.777617
9.173986e-01	4.053577e-01	-55.104567	-213.576465
2.423539e-01	4.284069e-01	-242.897938	416.712134
3.638945e-01	2.541921e-01	-5.999328	400.216310
